0.90875775
0.028219476
0.043201253
-1.2763999
-0.9430142
1.5229464
-0.10497199
-1.4559053
0.4133758
-1.0531229
-1.0640762
0.76280534
-1.1422219
-1.1962632
0.693856
-1.4961151
0.3871456
-0.27544898
-0.49697113
-0.09503235
-0.30956027
0.15868568
2.5960395
0.48578715
0.73716813
-0.6005469
-0.38010642
-0.85687894
1.0465449
-0.014299881
-0.48484188
0.32730475
-1.4128531
0.22848225
0.22744921
-1.0338919
-0.61312413
-0.11688283
-1.3918344
-1.4217943
1.2767444
-0.6523891
-0.7251766
-0.3884262
-0.95627475
-0.52282596
-1.5424113
0.63995737
-0.45931116
0.8326167
-2.0091782
-0.6270478
1.065401
2.2076194
1.530504
-1.0557578
-0.8764389
-1.4279813
-1.5877609
-1.1324687
2.0995917
-0.12044698
1.5041384
2.0220394
0.6032734
-0.27910948
-0.16380562
0.81243294
-0.31775507
0.021810427
0.68580204
1.7516195
-0.15055342
0.44860113
1.071594
-0.3465334
-0.24840577
0.26962408
0.1195136
0.07186803
-0.77742416
0.7234503
-0.6195146
-0.8518997
-0.026483402
0.0050968304
-1.0163678
-0.9669175
-0.21655579
-1.48316
-0.9372714
-0.2583478
-0.4851622
-0.700342
-0.6977958
-1.6445074
1.3605471
0.33945438
0.81270814
-0.7360017
0.09832449
0.21430491
0.26228967
1.9081
0.4099458
0.3954536
-0.23686302
0.8243576
-0.4650836
0.37934446
0.856864
-0.5950855
0.3656501
0.37262383
-0.3398246
0.13957347
-0.36105293
-0.9806537
-0.39627784
-1.9399707
-1.8636346
-0.19900966
2.1123784
1.3022317
1.2504326
1.7414064
-0.6304366
0.62345463
-0.46958646
0.355191
-0.9884186
0.75840604
0.49523312
-0.060106758
-0.04388132
-0.093522914
0.9688025
-0.3866417
-0.8847801
0.72136784
-0.35809892
-0.35181868
-0.019017879
1.5348897
-0.040654138
0.18351202
-0.63425153
-2.2230592
-1.9676436
0.18185972
1.4679171
-1.3570184
-0.5288401
-1.1130458
2.613871
1.0774261
0.23492739
1.8905116
0.43816134
0.48877025
-1.3183045
-1.0036631
-0.5863993
0.61600393
0.7706931
1.3751884
-2.1020317
-0.38995665
-0.22205037
-1.4283949
-1.7897425
-0.29810023
0.5030915
-0.30010125
-0.79735476
0.9592073
0.84354866
0.22007471
0.21668684
0.18305892
-0.43985257
-1.1875758
-1.4274839
-0.37791455
-0.39893714
-0.2743144
-0.11844467
0.9055465
-0.2794566
-0.012100764
1.0032963
1.279664
-0.58895636
-0.22186026
-1.080331
-1.5775344
-1.7111793
-0.624098
1.733025
2.890327
-0.14351225
0.83263946
0.19893482
0.4781779
-0.72197783
0.3724643
0.021467432
0.4307226
-1.2873517
-0.82300484
-0.656275
-0.97538024
1.4856617
1.3836193
-2.4930112
-0.8829503
0.0005050171
-0.5018183
0.31362957
-0.8759779
0.6694375
1.1738741
1.9782833
-0.52298564
0.20315176
0.21119247
1.100224
-0.97025734
-0.66369796
-0.3000806
-0.72132856
-0.6761318
0.5519629
0.5145033
-0.33169085
2.1760838
0.77204233
-1.804624
0.008259967
0.03769037
1.6971667
0.5990715
1.0550327
-0.38154972
0.2718713
0.85129905
0.3972653
0.24175607
0.28322357
-0.46559602
0.1656818
-0.5136662
-0.69976926
-1.7975838
-1.3947694
-0.47120357
0.80001533
1.0607263
0.59419596
-0.9185207
-0.3606095
1.4859267
2.5074177
2.2097127
0.21990737
0.5512673
1.564178
1.9821262
-0.5869546
0.4896922
-0.87864697
2.141869
-1.582137
-0.44203854
2.4267614
2.2146056
0.18013753
0.6721445
-0.601294
-0.4927115
0.623423
-0.3054036
0.47520667
-0.039132595
-0.008427519
0.650751
1.0735039
1.2292291
1.103376
-0.6604169
-0.31141618
0.17456831
-0.9979628
-0.32683912
0.4813402
-0.062035676
-0.69332653
0.051656723
-2.40049
1.5820239
2.044274
-0.04296661
-0.5428395
-1.5155265
0.18101102
-0.6251374
3.152195
0.69571036
1.7697315
-0.69063073
-0.107420586
-1.5261974
0.29308408
-0.5700653
0.36212718
-0.53370166
2.3052092
2.3853018
-1.1226676
-0.33632982
0.9196378
-1.0116242
2.751528
0.5026683
1.3878021
0.7548735
-1.5691788
1.0065002
0.9242424
-1.2475168
-0.43429106
0.2959967
-1.2855145
-0.88857234
-0.29806173
-0.40899593
-0.7939121
-0.6236828
1.0529046
-1.2690986
-1.1870053
-0.56136936
-0.01623132
-1.0489626
-0.1858236
0.25320673
-0.48120016
0.51868176
-0.06116
-0.13909143
-0.10826675
-1.2217677
-0.5582442
-0.07973569
-1.1140072
1.298506
-0.6699041
-0.84876835
-1.4676144
-1.4032947
0.35191065
2.1711304
-0.87019855
0.7575549
0.2997972
0.1395893
-1.2743056
-1.5840417
0.061517462
0.78840536
-1.049365
1.9831736
-0.20280504
-0.57567143
1.8767564
0.9856317
-2.558576
-0.7146773
1.8986763
1.3191077
-0.8890974
0.56788415
0.21975581
-0.25084516
0.3846193
0.8723093
-1.5513117
-1.1793863
-0.70894504
-0.58145607
-0.49976963
0.5737679
0.76693743
0.0061975876
1.1710023
0.6006898
-0.3562197
-0.27064794
-0.6063147
-1.3668954
